# Observation File: observation.dat column names:
# -----------------------------------------------------------------------------
# Observation Name: time [s]
# -----------------------------------------------------------------------------
# Observation Name: subsurface mass flux
# Region: west
# Functional: extensive integral
# Variable: surface-water_flux
# Number of Vectors: 1
# -----------------------------------------------------------------------------
# Observation Name: total component concentration
# Region: BTC obs
# Functional: point
# Variable: total_component_concentration
# Number of Vectors: 2
# -----------------------------------------------------------------------------
# Observation Name: tcc last column
# Region: BTC all
# Functional: extensive integral
# Variable: total_component_concentration
# Number of Vectors: 2
# =============================================================================
"time [s]" "subsurface mass flux" "total component concentration tracer1" "total component concentration tracer2" "tcc last column tracer1" "tcc last column tracer2"
0.000000000000e+00 0.000000000000e+00 0.000000000000e+00 0.000000000000e+00 0.000000000000e+00 0.000000000000e+00
3.000000000000e+02 0.000000000000e+00 nan nan 0.000000000000e+00 0.000000000000e+00
6.000000000000e+02 0.000000000000e+00 nan nan 0.000000000000e+00 0.000000000000e+00
9.000000000000e+02 0.000000000000e+00 nan nan 0.000000000000e+00 0.000000000000e+00
1.200000000000e+03 0.000000000000e+00 nan nan 0.000000000000e+00 0.000000000000e+00
1.500000000000e+03 0.000000000000e+00 nan nan 0.000000000000e+00 0.000000000000e+00
1.800000000000e+03 0.000000000000e+00 nan nan 0.000000000000e+00 0.000000000000e+00
2.100000000000e+03 0.000000000000e+00 nan nan 0.000000000000e+00 0.000000000000e+00
2.400000000000e+03 0.000000000000e+00 nan nan 0.000000000000e+00 0.000000000000e+00
2.700000000000e+03 0.000000000000e+00 nan nan 0.000000000000e+00 0.000000000000e+00
3.000000000000e+03 0.000000000000e+00 nan nan 0.000000000000e+00 0.000000000000e+00
3.300000000000e+03 0.000000000000e+00 nan nan 0.000000000000e+00 0.000000000000e+00
3.600000000000e+03 0.000000000000e+00 nan nan 0.000000000000e+00 0.000000000000e+00
3.900000000000e+03 0.000000000000e+00 nan nan 0.000000000000e+00 0.000000000000e+00
4.200000000000e+03 0.000000000000e+00 nan nan 0.000000000000e+00 0.000000000000e+00
4.500000000000e+03 0.000000000000e+00 nan nan 0.000000000000e+00 0.000000000000e+00
4.800000000000e+03 0.000000000000e+00 nan nan 0.000000000000e+00 0.000000000000e+00
5.100000000000e+03 0.000000000000e+00 nan nan 0.000000000000e+00 0.000000000000e+00
5.400000000000e+03 0.000000000000e+00 nan nan 0.000000000000e+00 0.000000000000e+00
5.700000000000e+03 0.000000000000e+00 nan nan 0.000000000000e+00 0.000000000000e+00
6.000000000000e+03 0.000000000000e+00 nan nan 0.000000000000e+00 0.000000000000e+00
6.300000000000e+03 0.000000000000e+00 nan nan 0.000000000000e+00 0.000000000000e+00
6.600000000000e+03 0.000000000000e+00 nan nan 0.000000000000e+00 0.000000000000e+00
6.900000000000e+03 0.000000000000e+00 nan nan 0.000000000000e+00 0.000000000000e+00
7.200000000000e+03 0.000000000000e+00 nan nan 0.000000000000e+00 0.000000000000e+00
7.500000000000e+03 0.000000000000e+00 nan nan 0.000000000000e+00 0.000000000000e+00
7.800000000000e+03 0.000000000000e+00 nan nan 0.000000000000e+00 0.000000000000e+00
8.100000000000e+03 0.000000000000e+00 nan nan 0.000000000000e+00 0.000000000000e+00
8.400000000000e+03 0.000000000000e+00 nan nan 0.000000000000e+00 0.000000000000e+00
8.700000000000e+03 0.000000000000e+00 nan nan 0.000000000000e+00 0.000000000000e+00
9.000000000000e+03 0.000000000000e+00 nan nan 0.000000000000e+00 0.000000000000e+00
9.300000000000e+03 0.000000000000e+00 nan nan 0.000000000000e+00 0.000000000000e+00
9.600000000000e+03 0.000000000000e+00 nan nan 0.000000000000e+00 0.000000000000e+00
9.900000000000e+03 0.000000000000e+00 nan nan 0.000000000000e+00 0.000000000000e+00
1.020000000000e+04 0.000000000000e+00 nan nan 0.000000000000e+00 0.000000000000e+00
1.050000000000e+04 0.000000000000e+00 nan nan 0.000000000000e+00 0.000000000000e+00
1.080000000000e+04 0.000000000000e+00 nan nan 4.182557534622e-14 4.372947872642e-34
1.110000000000e+04 0.000000000000e+00 nan nan 7.425020638243e-01 1.484668600025e-10
1.140000000000e+04 0.000000000000e+00 nan nan 1.123028559892e+01 7.613318206966e-06
1.170000000000e+04 0.000000000000e+00 nan nan 2.905149389306e+01 8.729922749056e-04
1.200000000000e+04 0.000000000000e+00 nan nan 4.598112259101e+01 1.216891864804e-02
1.230000000000e+04 0.000000000000e+00 nan nan 5.969923812538e+01 6.453058273163e-02
1.260000000000e+04 0.000000000000e+00 nan nan 7.042891717496e+01 2.034508754132e-01
1.290000000000e+04 0.000000000000e+00 nan nan 7.888197408759e+01 4.702555856652e-01
1.320000000000e+04 0.000000000000e+00 nan nan 8.568819489554e+01 8.903854211533e-01
1.350000000000e+04 0.000000000000e+00 nan nan 9.130785806542e+01 1.472361057774e+00
1.380000000000e+04 0.000000000000e+00 nan nan 9.605971509950e+01 2.211992479546e+00
1.410000000000e+04 0.000000000000e+00 nan nan 1.001625213746e+02 3.097376629153e+00
1.440000000000e+04 0.000000000000e+00 nan nan 1.037678687806e+02 4.112847698936e+00
1.470000000000e+04 0.000000000000e+00 nan nan 1.069827245440e+02 5.241581125761e+00
1.500000000000e+04 0.000000000000e+00 nan nan 1.098842135243e+02 6.467112592140e+00
1.530000000000e+04 0.000000000000e+00 nan nan 1.125292070148e+02 7.774123624740e+00
1.560000000000e+04 0.000000000000e+00 nan nan 1.149605714405e+02 9.148778580201e+00
1.590000000000e+04 0.000000000000e+00 nan nan 1.172112912214e+02 1.057880690382e+01
1.620000000000e+04 0.000000000000e+00 nan nan 1.193072338264e+02 1.205345118188e+01
1.650000000000e+04 0.000000000000e+00 nan nan 1.212690382128e+02 1.356335159304e+01
1.680000000000e+04 0.000000000000e+00 nan nan 1.231134290266e+02 1.510040619575e+01
1.710000000000e+04 0.000000000000e+00 nan nan 1.248541483936e+02 1.665762801600e+01
1.740000000000e+04 0.000000000000e+00 nan nan 1.265026286145e+02 1.822900934941e+01
1.770000000000e+04 0.000000000000e+00 nan nan 1.280684862291e+02 1.980939785374e+01
1.800000000000e+04 0.000000000000e+00 nan nan 1.295598908063e+02 2.139438587796e+01
1.830000000000e+04 0.000000000000e+00 nan nan 1.309838444205e+02 2.298021289094e+01
1.860000000000e+04 0.000000000000e+00 nan nan 1.323463964386e+02 2.456368010459e+01
1.890000000000e+04 0.000000000000e+00 nan nan 1.336528107550e+02 2.614207608886e+01
1.920000000000e+04 0.000000000000e+00 nan nan 1.349076975748e+02 2.771311211540e+01
1.950000000000e+04 0.000000000000e+00 nan nan 1.361151184198e+02 2.927486601515e+01
1.980000000000e+04 0.000000000000e+00 nan nan 1.372786706579e+02 3.082573343960e+01
2.010000000000e+04 0.000000000000e+00 nan nan 1.384015561950e+02 3.236438553782e+01
2.040000000000e+04 0.000000000000e+00 nan nan 1.394866377850e+02 3.388973218359e+01
2.070000000000e+04 0.000000000000e+00 nan nan 1.405364855628e+02 3.540089000104e+01
2.100000000000e+04 0.000000000000e+00 nan nan 1.415534157864e+02 3.689715454019e+01
2.130000000000e+04 0.000000000000e+00 nan nan 1.425395233151e+02 3.837797604394e+01
2.160000000000e+04 0.000000000000e+00 nan nan 1.434967090116e+02 3.984293832663e+01
2.190000000000e+04 0.000000000000e+00 nan nan 1.437549017914e+02 4.129174035154e+01
2.220000000000e+04 0.000000000000e+00 nan nan 1.344094497213e+02 4.272417344116e+01
2.250000000000e+04 0.000000000000e+00 nan nan 1.175111276969e+02 4.413932336092e+01
2.280000000000e+04 0.000000000000e+00 nan nan 1.013856288685e+02 4.552788192384e+01
2.310000000000e+04 0.000000000000e+00 nan nan 8.843981245960e+01 4.685965846958e+01
2.340000000000e+04 0.000000000000e+00 nan nan 7.847422526836e+01 4.808933875186e+01
2.370000000000e+04 0.000000000000e+00 nan nan 7.077947145562e+01 4.917548107585e+01
2.400000000000e+04 0.000000000000e+00 nan nan 6.472361024114e+01 5.009245371607e+01
2.430000000000e+04 0.000000000000e+00 nan nan 5.984411776305e+01 5.083162461614e+01
2.460000000000e+04 0.000000000000e+00 nan nan 5.582074303272e+01 5.139719659129e+01
2.490000000000e+04 0.000000000000e+00 nan nan 5.243391518863e+01 5.180119577048e+01
2.520000000000e+04 0.000000000000e+00 nan nan 4.953170556844e+01 5.205949108086e+01
2.550000000000e+04 0.000000000000e+00 nan nan 4.700711537765e+01 5.218916234479e+01
2.580000000000e+04 0.000000000000e+00 nan nan 4.478317384099e+01 5.220696061425e+01
2.610000000000e+04 0.000000000000e+00 nan nan 4.280327258820e+01 5.212850869508e+01
2.640000000000e+04 0.000000000000e+00 nan nan 4.102486893264e+01 5.196795526843e+01
2.670000000000e+04 0.000000000000e+00 nan nan 3.941533329825e+01 5.173788703563e+01
2.700000000000e+04 0.000000000000e+00 nan nan 3.794916586335e+01 5.144937713859e+01
2.730000000000e+04 0.000000000000e+00 nan nan 3.660609689300e+01 5.111209844897e+01
2.760000000000e+04 0.000000000000e+00 nan nan 3.536976570852e+01 5.073446179521e+01
2.790000000000e+04 0.000000000000e+00 nan nan 3.422678481634e+01 5.032375786692e+01
2.820000000000e+04 0.000000000000e+00 nan nan 3.316606486773e+01 4.988629220819e+01
2.850000000000e+04 0.000000000000e+00 nan nan 3.217831934655e+01 4.942750862172e+01
2.880000000000e+04 0.000000000000e+00 nan nan 3.125569522913e+01 4.895209947149e+01
2.910000000000e+04 0.000000000000e+00 nan nan 3.039149340287e+01 4.846410299178e+01
2.940000000000e+04 0.000000000000e+00 nan nan 2.957995405216e+01 4.796698847903e+01
2.970000000000e+04 0.000000000000e+00 nan nan 2.881608977131e+01 4.746373055182e+01
3.000000000000e+04 0.000000000000e+00 nan nan 2.809555423216e+01 4.695687373416e+01
3.030000000000e+04 0.000000000000e+00 nan nan 2.741453768765e+01 4.644858856802e+01
3.060000000000e+04 0.000000000000e+00 nan nan 2.676968297966e+01 4.594072035853e+01
3.090000000000e+04 0.000000000000e+00 nan nan 2.615801739311e+01 4.543483153468e+01
3.120000000000e+04 0.000000000000e+00 nan nan 2.557689688732e+01 4.493223848666e+01
3.150000000000e+04 0.000000000000e+00 nan nan 2.502396009117e+01 4.443404362747e+01
3.180000000000e+04 0.000000000000e+00 nan nan 2.449709007200e+01 4.394116332405e+01
3.210000000000e+04 0.000000000000e+00 nan nan 2.399438234701e+01 4.345435225345e+01
3.240000000000e+04 0.000000000000e+00 nan nan 2.351411794805e+01 4.297422466114e+01
3.270000000000e+04 0.000000000000e+00 nan nan 2.305474060799e+01 4.250127293167e+01
3.300000000000e+04 0.000000000000e+00 nan nan 2.261483733211e+01 4.203588382408e+01
3.330000000000e+04 0.000000000000e+00 nan nan 2.219312176804e+01 4.157835267536e+01
3.360000000000e+04 0.000000000000e+00 nan nan 2.178841990329e+01 4.112889583329e+01
3.390000000000e+04 0.000000000000e+00 nan nan 2.139965771038e+01 4.068766154427e+01
3.420000000000e+04 0.000000000000e+00 nan nan 2.102585042965e+01 4.025473949097e+01
3.450000000000e+04 0.000000000000e+00 nan nan 2.066609323673e+01 3.983016914873e+01
3.480000000000e+04 0.000000000000e+00 nan nan 2.031955308606e+01 3.941394710729e+01
3.510000000000e+04 0.000000000000e+00 nan nan 1.998546155778e+01 3.900603348503e+01
3.540000000000e+04 0.000000000000e+00 nan nan 1.966310856419e+01 3.860635754679e+01
3.570000000000e+04 0.000000000000e+00 nan nan 1.935183679563e+01 3.821482262195e+01
3.600000000000e+04 0.000000000000e+00 nan nan 1.905103680470e+01 3.783131040717e+01
3.630000000000e+04 0.000000000000e+00 nan nan 1.876014264344e+01 3.745568472792e+01
3.660000000000e+04 0.000000000000e+00 nan nan 1.847862798132e+01 3.708779482351e+01
3.690000000000e+04 0.000000000000e+00 nan nan 1.820600264224e+01 3.672747821243e+01
3.720000000000e+04 0.000000000000e+00 nan nan 1.794180950813e+01 3.637456318812e+01
3.750000000000e+04 0.000000000000e+00 nan nan 1.768562174397e+01 3.602887098890e+01
3.780000000000e+04 0.000000000000e+00 nan nan 1.743704030539e+01 3.569021768095e+01
3.810000000000e+04 0.000000000000e+00 nan nan 1.719569169536e+01 3.535841578825e+01
3.840000000000e+04 0.000000000000e+00 nan nan 1.696122594105e+01 3.503327569967e+01
3.870000000000e+04 0.000000000000e+00 nan nan 1.673331476551e+01 3.471460687969e+01
3.900000000000e+04 0.000000000000e+00 nan nan 1.651164993239e+01 3.440221890620e+01
3.930000000000e+04 0.000000000000e+00 nan nan 1.629594174446e+01 3.409592235610e+01
3.960000000000e+04 0.000000000000e+00 nan nan 1.608591767927e+01 3.379552955692e+01
3.990000000000e+04 0.000000000000e+00 nan nan 1.588132114712e+01 3.350085522086e+01
4.020000000000e+04 0.000000000000e+00 nan nan 1.568191035861e+01 3.321171697523e+01
4.050000000000e+04 0.000000000000e+00 nan nan 1.548745729019e+01 3.292793580239e+01
4.080000000000e+04 0.000000000000e+00 nan nan 1.529774673789e+01 3.264933639996e+01
4.110000000000e+04 0.000000000000e+00 nan nan 1.511257545015e+01 3.237574747159e+01
4.140000000000e+04 0.000000000000e+00 nan nan 1.493175133204e+01 3.210700195683e+01
4.170000000000e+04 0.000000000000e+00 nan nan 1.475509271382e+01 3.184293720804e+01
4.200000000000e+04 0.000000000000e+00 nan nan 1.458242767764e+01 3.158339512101e+01
4.230000000000e+04 0.000000000000e+00 nan nan 1.441359343689e+01 3.132822222562e+01
4.260000000000e+04 0.000000000000e+00 nan nan 1.424843576324e+01 3.107726974174e+01
4.290000000000e+04 0.000000000000e+00 nan nan 1.408680845707e+01 3.083039360512e+01
4.320000000000e+04 0.000000000000e+00 nan nan 1.392857285714e+01 3.058745446762e+01
4.350000000000e+04 0.000000000000e+00 nan nan 1.377359738633e+01 3.034831767531e+01
4.380000000000e+04 0.000000000000e+00 nan nan 1.362175712987e+01 3.011285322782e+01
4.410000000000e+04 0.000000000000e+00 nan nan 1.347293344362e+01 2.988093572176e+01
4.440000000000e+04 0.000000000000e+00 nan nan 1.332701358959e+01 2.965244428081e+01
4.470000000000e+04 0.000000000000e+00 nan nan 1.318389039649e+01 2.942726247466e+01
4.500000000000e+04 0.000000000000e+00 nan nan 1.304346194325e+01 2.920527822878e+01
4.530000000000e+04 0.000000000000e+00 nan nan 1.290563126363e+01 2.898638372676e+01
4.560000000000e+04 0.000000000000e+00 nan nan 1.277030607024e+01 2.877047530667e+01
4.590000000000e+04 0.000000000000e+00 nan nan 1.263739849637e+01 2.855745335286e+01
4.620000000000e+04 0.000000000000e+00 nan nan 1.250682485433e+01 2.834722218426e+01
4.650000000000e+04 0.000000000000e+00 nan nan 1.237850540904e+01 2.813968994020e+01
4.680000000000e+04 0.000000000000e+00 nan nan 1.225236416561e+01 2.793476846466e+01
4.710000000000e+04 0.000000000000e+00 nan nan 1.212832867004e+01 2.773237318968e+01
4.740000000000e+04 0.000000000000e+00 nan nan 1.200632982189e+01 2.753242301854e+01
4.770000000000e+04 0.000000000000e+00 nan nan 1.188630169827e+01 2.733484020937e+01
4.800000000000e+04 0.000000000000e+00 nan nan 1.176818138814e+01 2.713955025955e+01
4.830000000000e+04 0.000000000000e+00 nan nan 1.165190883638e+01 2.694648179139e+01
4.860000000000e+04 0.000000000000e+00 nan nan 1.153742669685e+01 2.675556643937e+01
4.890000000000e+04 0.000000000000e+00 nan nan 1.142468019384e+01 2.656673873933e+01
4.920000000000e+04 0.000000000000e+00 nan nan 1.131361699142e+01 2.637993601971e+01
4.950000000000e+04 0.000000000000e+00 nan nan 1.120418707011e+01 2.619509829511e+01
4.980000000000e+04 0.000000000000e+00 nan nan 1.109634261038e+01 2.601216816241e+01
5.010000000000e+04 0.000000000000e+00 nan nan 1.099003788260e+01 2.583109069933e+01
5.040000000000e+04 0.000000000000e+00 nan nan 1.088522914303e+01 2.565181336585e+01
5.070000000000e+04 0.000000000000e+00 nan nan 1.078187453539e+01 2.547428590827e+01
5.100000000000e+04 0.000000000000e+00 nan nan 1.067993399779e+01 2.529846026611e+01
5.130000000000e+04 0.000000000000e+00 nan nan 1.057936917459e+01 2.512429048193e+01
5.160000000000e+04 0.000000000000e+00 nan nan 1.048014333296e+01 2.495173261382e+01
5.190000000000e+04 0.000000000000e+00 nan nan 1.038222128382e+01 2.478074465096e+01
5.220000000000e+04 0.000000000000e+00 nan nan 1.028556930695e+01 2.461128643181e+01
5.250000000000e+04 0.000000000000e+00 nan nan 1.019015507997e+01 2.444331956524e+01
5.280000000000e+04 0.000000000000e+00 nan nan 1.009594761098e+01 2.427680735438e+01
5.310000000000e+04 0.000000000000e+00 nan nan 1.000291717478e+01 2.411171472322e+01
5.340000000000e+04 0.000000000000e+00 nan nan 9.911035252160e+00 2.394800814586e+01
5.370000000000e+04 0.000000000000e+00 nan nan 9.820274472510e+00 2.378565557843e+01
5.400000000000e+04 0.000000000000e+00 nan nan 9.730608559162e+00 2.362462639359e+01
5.430000000000e+04 0.000000000000e+00 nan nan 9.642012277599e+00 2.346489131746e+01
5.460000000000e+04 0.000000000000e+00 nan nan 9.554461386230e+00 2.330642236912e+01
5.490000000000e+04 0.000000000000e+00 nan nan 9.467932589644e+00 2.314919280240e+01
5.520000000000e+04 0.000000000000e+00 nan nan 9.382403494200e+00 2.299317705001e+01
5.550000000000e+04 0.000000000000e+00 nan nan 9.297852565821e+00 2.283835066996e+01
5.580000000000e+04 0.000000000000e+00 nan nan 9.214259089895e+00 2.268469029408e+01
5.610000000000e+04 0.000000000000e+00 nan nan 9.131603133147e+00 2.253217357873e+01
5.640000000000e+04 0.000000000000e+00 nan nan 9.049865507402e+00 2.238077915751e+01
5.670000000000e+04 0.000000000000e+00 nan nan 8.969027735123e+00 2.223048659595e+01
5.700000000000e+04 0.000000000000e+00 nan nan 8.889072016644e+00 2.208127634811e+01
5.730000000000e+04 0.000000000000e+00 nan nan 8.809981199010e+00 2.193312971502e+01
5.760000000000e+04 0.000000000000e+00 nan nan 8.731738746328e+00 2.178602880491e+01
5.790000000000e+04 0.000000000000e+00 nan nan 8.654328711575e+00 2.163995649511e+01
5.820000000000e+04 0.000000000000e+00 nan nan 8.577735709768e+00 2.149489639566e+01
5.850000000000e+04 0.000000000000e+00 nan nan 8.501944892437e+00 2.135083281446e+01
5.880000000000e+04 0.000000000000e+00 nan nan 8.426941923337e+00 2.120775072394e+01
5.910000000000e+04 0.000000000000e+00 nan nan 8.352712955334e+00 2.106563572923e+01
5.940000000000e+04 0.000000000000e+00 nan nan 8.279244608400e+00 2.092447403774e+01
5.970000000000e+04 0.000000000000e+00 nan nan 8.206523948675e+00 2.078425243007e+01
6.000000000000e+04 0.000000000000e+00 nan nan 8.134538468533e+00 2.064495823223e+01
6.030000000000e+04 0.000000000000e+00 nan nan 8.063276067604e+00 2.050657928911e+01
6.060000000000e+04 0.000000000000e+00 nan nan 7.992725034706e+00 2.036910393918e+01
6.090000000000e+04 0.000000000000e+00 nan nan 7.922874030644e+00 2.023252099028e+01
6.120000000000e+04 0.000000000000e+00 nan nan 7.853712071829e+00 2.009681969656e+01
6.150000000000e+04 0.000000000000e+00 nan nan 7.785228514676e+00 1.996198973645e+01
6.180000000000e+04 0.000000000000e+00 nan nan 7.717413040756e+00 1.982802119168e+01
6.210000000000e+04 0.000000000000e+00 nan nan 7.650255642640e+00 1.969490452721e+01
6.240000000000e+04 0.000000000000e+00 nan nan 7.583746610428e+00 1.956263057215e+01
6.270000000000e+04 0.000000000000e+00 nan nan 7.517876518911e+00 1.943119050155e+01
6.300000000000e+04 0.000000000000e+00 nan nan 7.452636215345e+00 1.930057581898e+01
6.330000000000e+04 0.000000000000e+00 nan nan 7.388016807800e+00 1.917077834005e+01
6.360000000000e+04 0.000000000000e+00 nan nan 7.324009654066e+00 1.904179017660e+01
6.390000000000e+04 0.000000000000e+00 nan nan 7.260606351076e+00 1.891360372168e+01
6.420000000000e+04 0.000000000000e+00 nan nan 7.197798724833e+00 1.878621163525e+01
6.450000000000e+04 0.000000000000e+00 nan nan 7.135578820809e+00 1.865960683052e+01
6.480000000000e+04 0.000000000000e+00 nan nan 7.073938894798e+00 1.853378246103e+01
6.510000000000e+04 0.000000000000e+00 nan nan 7.012871404194e+00 1.840873190821e+01
6.540000000000e+04 0.000000000000e+00 nan nan 6.952368999686e+00 1.828444876972e+01
6.570000000000e+04 0.000000000000e+00 nan nan 6.892424517332e+00 1.816092684816e+01
6.600000000000e+04 0.000000000000e+00 nan nan 6.833030971015e+00 1.803816014049e+01
6.630000000000e+04 0.000000000000e+00 nan nan 6.774181545242e+00 1.791614282789e+01
6.660000000000e+04 0.000000000000e+00 nan nan 6.715869588286e+00 1.779486926608e+01
6.690000000000e+04 0.000000000000e+00 nan nan 6.658088605643e+00 1.767433397623e+01
6.720000000000e+04 0.000000000000e+00 nan nan 6.600832253794e+00 1.755453163618e+01
6.750000000000e+04 0.000000000000e+00 nan nan 6.544094334261e+00 1.743545707221e+01
6.780000000000e+04 0.000000000000e+00 nan nan 6.487868787932e+00 1.731710525115e+01
6.810000000000e+04 0.000000000000e+00 nan nan 6.432149689655e+00 1.719947127291e+01
6.840000000000e+04 0.000000000000e+00 nan nan 6.376931243077e+00 1.708255036337e+01
6.870000000000e+04 0.000000000000e+00 nan nan 6.322207775725e+00 1.696633786763e+01
6.900000000000e+04 0.000000000000e+00 nan nan 6.267973734313e+00 1.685082924365e+01
6.930000000000e+04 0.000000000000e+00 nan nan 6.214223680259e+00 1.673602005609e+01
6.960000000000e+04 0.000000000000e+00 nan nan 6.160952285419e+00 1.662190597059e+01
6.990000000000e+04 0.000000000000e+00 nan nan 6.108154328004e+00 1.650848274832e+01
7.020000000000e+04 0.000000000000e+00 nan nan 6.055824688692e+00 1.639574624069e+01
7.050000000000e+04 0.000000000000e+00 nan nan 6.003958346919e+00 1.628369238453e+01
7.080000000000e+04 0.000000000000e+00 nan nan 5.952550377325e+00 1.617231719734e+01
7.110000000000e+04 0.000000000000e+00 nan nan 5.901595946381e+00 1.606161677288e+01
7.140000000000e+04 0.000000000000e+00 nan nan 5.851090309154e+00 1.595158727700e+01
7.170000000000e+04 0.000000000000e+00 nan nan 5.801028806223e+00 1.584222494362e+01
7.200000000000e+04 0.000000000000e+00 nan nan 5.751406860735e+00 1.573352607097e+01
7.230000000000e+04 0.000000000000e+00 nan nan 5.702219975593e+00 1.562548701806e+01
7.260000000000e+04 0.000000000000e+00 nan nan 5.653463730769e+00 1.551810420125e+01
7.290000000000e+04 0.000000000000e+00 nan nan 5.605133780739e+00 1.541137409108e+01
7.320000000000e+04 0.000000000000e+00 nan nan 5.557225852027e+00 1.530529320922e+01
7.350000000000e+04 0.000000000000e+00 nan nan 5.509735740870e+00 1.519985812567e+01
7.380000000000e+04 0.000000000000e+00 nan nan 5.462659310970e+00 1.509506545598e+01
7.410000000000e+04 0.000000000000e+00 nan nan 5.415992491359e+00 1.499091185871e+01
7.440000000000e+04 0.000000000000e+00 nan nan 5.369731274354e+00 1.488739403308e+01
7.470000000000e+04 0.000000000000e+00 nan nan 5.323871713596e+00 1.478450871658e+01
7.500000000000e+04 0.000000000000e+00 nan nan 5.278409922185e+00 1.468225268292e+01
7.530000000000e+04 0.000000000000e+00 nan nan 5.233342070885e+00 1.458062273991e+01
7.560000000000e+04 0.000000000000e+00 nan nan 5.188664386416e+00 1.447961572762e+01
7.590000000000e+04 0.000000000000e+00 nan nan 5.144373149816e+00 1.437922851650e+01
7.620000000000e+04 0.000000000000e+00 nan nan 5.100464694873e+00 1.427945800572e+01
7.650000000000e+04 0.000000000000e+00 nan nan 5.056935406623e+00 1.418030112157e+01
7.680000000000e+04 0.000000000000e+00 nan nan 5.013781719917e+00 1.408175481592e+01
7.710000000000e+04 0.000000000000e+00 nan nan 4.971000118042e+00 1.398381606479e+01
7.740000000000e+04 0.000000000000e+00 nan nan 4.928587131408e+00 1.388648186706e+01
7.770000000000e+04 0.000000000000e+00 nan nan 4.886539336282e+00 1.378974924318e+01
7.800000000000e+04 0.000000000000e+00 nan nan 4.844853353580e+00 1.369361523399e+01
7.830000000000e+04 0.000000000000e+00 nan nan 4.803525847710e+00 1.359807689960e+01
7.860000000000e+04 0.000000000000e+00 nan nan 4.762553525459e+00 1.350313131837e+01
7.890000000000e+04 0.000000000000e+00 nan nan 4.721933134927e+00 1.340877558595e+01
7.920000000000e+04 0.000000000000e+00 nan nan 4.681661464505e+00 1.331500681431e+01
7.950000000000e+04 0.000000000000e+00 nan nan 4.641735341898e+00 1.322182213095e+01
7.980000000000e+04 0.000000000000e+00 nan nan 4.602151633180e+00 1.312921867803e+01
8.010000000000e+04 0.000000000000e+00 nan nan 4.562907241893e+00 1.303719361171e+01
8.040000000000e+04 0.000000000000e+00 nan nan 4.523999108179e+00 1.294574410135e+01
8.070000000000e+04 0.000000000000e+00 nan nan 4.485424207947e+00 1.285486732896e+01
8.100000000000e+04 0.000000000000e+00 nan nan 4.447179552072e+00 1.276456048851e+01
8.130000000000e+04 0.000000000000e+00 nan nan 4.409262185628e+00 1.267482078542e+01
8.160000000000e+04 0.000000000000e+00 nan nan 4.371669187148e+00 1.258564543602e+01
8.190000000000e+04 0.000000000000e+00 nan nan 4.334397667911e+00 1.249703166705e+01
8.220000000000e+04 0.000000000000e+00 nan nan 4.297444771260e+00 1.240897671522e+01
8.250000000000e+04 0.000000000000e+00 nan nan 4.260807671941e+00 1.232147782680e+01
8.280000000000e+04 0.000000000000e+00 nan nan 4.224483575474e+00 1.223453225723e+01
8.310000000000e+04 0.000000000000e+00 nan nan 4.188469717538e+00 1.214813727076e+01
8.340000000000e+04 0.000000000000e+00 nan nan 4.152763363388e+00 1.206229014010e+01
8.370000000000e+04 0.000000000000e+00 nan nan 4.117361807283e+00 1.197698814619e+01
8.400000000000e+04 0.000000000000e+00 nan nan 4.082262371944e+00 1.189222857784e+01
8.430000000000e+04 0.000000000000e+00 nan nan 4.047462408027e+00 1.180800873155e+01
8.460000000000e+04 0.000000000000e+00 nan nan 4.012959293615e+00 1.172432591122e+01
8.490000000000e+04 0.000000000000e+00 nan nan 3.978750433724e+00 1.164117742799e+01
8.520000000000e+04 0.000000000000e+00 nan nan 3.944833259836e+00 1.155856060003e+01
8.550000000000e+04 0.000000000000e+00 nan nan 3.911205229437e+00 1.147647275237e+01
8.580000000000e+04 0.000000000000e+00 nan nan 3.877863825577e+00 1.139491121677e+01
8.610000000000e+04 0.000000000000e+00 nan nan 3.844806556444e+00 1.131387333155e+01
8.640000000000e+04 0.000000000000e+00 nan nan 3.812030954949e+00 1.123335644150e+01
8.670000000000e+04 0.000000000000e+00 nan nan 3.779534578329e+00 1.115335789776e+01
8.700000000000e+04 0.000000000000e+00 nan nan 3.747315007756e+00 1.107387505772e+01
8.730000000000e+04 0.000000000000e+00 nan nan 3.715369847970e+00 1.099490528499e+01
8.760000000000e+04 0.000000000000e+00 nan nan 3.683696726908e+00 1.091644594925e+01
8.790000000000e+04 0.000000000000e+00 nan nan 3.652293295360e+00 1.083849442628e+01
8.820000000000e+04 0.000000000000e+00 nan nan 3.621157226624e+00 1.076104809786e+01
8.850000000000e+04 0.000000000000e+00 nan nan 3.590286216177e+00 1.068410435175e+01
8.880000000000e+04 0.000000000000e+00 nan nan 3.559677981355e+00 1.060766058168e+01
8.910000000000e+04 0.000000000000e+00 nan nan 3.529330261040e+00 1.053171418731e+01
8.940000000000e+04 0.000000000000e+00 nan nan 3.499240815361e+00 1.045626257421e+01
8.970000000000e+04 0.000000000000e+00 nan nan 3.469407425397e+00 1.038130315391e+01
9.000000000000e+04 0.000000000000e+00 nan nan 3.439827892894e+00 1.030683334385e+01
9.030000000000e+04 0.000000000000e+00 nan nan 3.410500039987e+00 1.023285056741e+01
9.060000000000e+04 0.000000000000e+00 nan nan 3.381421708930e+00 1.015935225393e+01
9.090000000000e+04 0.000000000000e+00 nan nan 3.352590761832e+00 1.008633583874e+01
9.120000000000e+04 0.000000000000e+00 nan nan 3.324005080404e+00 1.001379876315e+01
9.150000000000e+04 0.000000000000e+00 nan nan 3.295662565707e+00 9.941738474529e+00
9.180000000000e+04 0.000000000000e+00 nan nan 3.267561137912e+00 9.870152426316e+00
9.210000000000e+04 0.000000000000e+00 nan nan 3.239698736060e+00 9.799038078055e+00
9.240000000000e+04 0.000000000000e+00 nan nan 3.212073317835e+00 9.728392895446e+00
9.270000000000e+04 0.000000000000e+00 nan nan 3.184682859335e+00 9.658214350389e+00
9.300000000000e+04 0.000000000000e+00 nan nan 3.157525354856e+00 9.588499921033e+00
9.330000000000e+04 0.000000000000e+00 nan nan 3.130598816671e+00 9.519247091826e+00
9.360000000000e+04 0.000000000000e+00 nan nan 3.103901274829e+00 9.450453353570e+00
9.390000000000e+04 0.000000000000e+00 nan nan 3.077430776943e+00 9.382116203472e+00
9.420000000000e+04 0.000000000000e+00 nan nan 3.051185387992e+00 9.314233145211e+00
9.450000000000e+04 0.000000000000e+00 nan nan 3.025163190125e+00 9.246801688983e+00
9.480000000000e+04 0.000000000000e+00 nan nan 2.999362282469e+00 9.179819351575e+00
9.510000000000e+04 0.000000000000e+00 nan nan 2.973780780942e+00 9.113283656416e+00
9.540000000000e+04 0.000000000000e+00 nan nan 2.948416818066e+00 9.047192133645e+00
9.570000000000e+04 0.000000000000e+00 nan nan 2.923268542791e+00 8.981542320171e+00
9.600000000000e+04 0.000000000000e+00 nan nan 2.898334120317e+00 8.916331759738e+00
9.630000000000e+04 0.000000000000e+00 nan nan 2.873611731919e+00 8.851558002990e+00
9.660000000000e+04 0.000000000000e+00 nan nan 2.849099574781e+00 8.787218607533e+00
9.690000000000e+04 0.000000000000e+00 nan nan 2.824795861825e+00 8.723311138004e+00
9.720000000000e+04 0.000000000000e+00 nan nan 2.800698821551e+00 8.659833166131e+00
9.750000000000e+04 0.000000000000e+00 nan nan 2.776806697875e+00 8.596782270799e+00
9.780000000000e+04 0.000000000000e+00 nan nan 2.753117749975e+00 8.534156038117e+00
9.810000000000e+04 0.000000000000e+00 nan nan 2.729630252130e+00 8.471952061480e+00
9.840000000000e+04 0.000000000000e+00 nan nan 2.706342493573e+00 8.410167941634e+00
9.870000000000e+04 0.000000000000e+00 nan nan 2.683252778339e+00 8.348801286738e+00
9.900000000000e+04 0.000000000000e+00 nan nan 2.660359425121e+00 8.287849712430e+00
9.930000000000e+04 0.000000000000e+00 nan nan 2.637660767123e+00 8.227310841885e+00
9.960000000000e+04 0.000000000000e+00 nan nan 2.615155151917e+00 8.167182305881e+00
9.990000000000e+04 0.000000000000e+00 nan nan 2.592840941306e+00 8.107461742859e+00
1.002000000000e+05 0.000000000000e+00 nan nan 2.570716511185e+00 8.048146798979e+00
1.005000000000e+05 0.000000000000e+00 nan nan 2.548780251407e+00 7.989235128186e+00
1.008000000000e+05 0.000000000000e+00 nan nan 2.527030565644e+00 7.930724392264e+00
1.011000000000e+05 0.000000000000e+00 nan nan 2.505465871265e+00 7.872612260894e+00
1.014000000000e+05 0.000000000000e+00 nan nan 2.484084599195e+00 7.814896411712e+00
1.017000000000e+05 0.000000000000e+00 nan nan 2.462885193800e+00 7.757574530363e+00
1.020000000000e+05 0.000000000000e+00 nan nan 2.441866112748e+00 7.700644310557e+00
1.023000000000e+05 0.000000000000e+00 nan nan 2.421025826897e+00 7.644103454119e+00
1.026000000000e+05 0.000000000000e+00 nan nan 2.400362820163e+00 7.587949671046e+00
1.029000000000e+05 0.000000000000e+00 nan nan 2.379875589406e+00 7.532180679554e+00
1.032000000000e+05 0.000000000000e+00 nan nan 2.359562644308e+00 7.476794206128e+00
1.035000000000e+05 0.000000000000e+00 nan nan 2.339422507254e+00 7.421787985576e+00
1.038000000000e+05 0.000000000000e+00 nan nan 2.319453713220e+00 7.367159761067e+00
1.041000000000e+05 0.000000000000e+00 nan nan 2.299654809655e+00 7.312907284187e+00
1.044000000000e+05 0.000000000000e+00 nan nan 2.280024356371e+00 7.259028314976e+00
1.047000000000e+05 0.000000000000e+00 nan nan 2.260560925427e+00 7.205520621980e+00
1.050000000000e+05 0.000000000000e+00 nan nan 2.241263101025e+00 7.152381982282e+00
1.053000000000e+05 0.000000000000e+00 nan nan 2.222129479395e+00 7.099610181556e+00
1.056000000000e+05 0.000000000000e+00 nan nan 2.203158668691e+00 7.047203014097e+00
1.059000000000e+05 0.000000000000e+00 nan nan 2.184349288884e+00 6.995158282866e+00
1.062000000000e+05 0.000000000000e+00 nan nan 2.165699971656e+00 6.943473799522e+00
1.065000000000e+05 0.000000000000e+00 nan nan 2.147209360297e+00 6.892147384463e+00
1.068000000000e+05 0.000000000000e+00 nan nan 2.128876109603e+00 6.841176866859e+00
1.071000000000e+05 0.000000000000e+00 nan nan 2.110698885774e+00 6.790560084684e+00
1.074000000000e+05 0.000000000000e+00 nan nan 2.092676366311e+00 6.740294884749e+00
1.077000000000e+05 0.000000000000e+00 nan nan 2.074807239922e+00 6.690379122736e+00
1.080000000000e+05 0.000000000000e+00 nan nan 2.057090206420e+00 6.640810663223e+00
1.083000000000e+05 0.000000000000e+00 nan nan 2.039523976626e+00 6.591587379717e+00
1.086000000000e+05 0.000000000000e+00 nan nan 2.022107272275e+00 6.542707154677e+00
1.089000000000e+05 0.000000000000e+00 nan nan 2.004838825921e+00 6.494167879544e+00
1.092000000000e+05 0.000000000000e+00 nan nan 1.987717380840e+00 6.445967454762e+00
1.095000000000e+05 0.000000000000e+00 nan nan 1.970741690939e+00 6.398103789806e+00
1.098000000000e+05 0.000000000000e+00 nan nan 1.953910520666e+00 6.350574803199e+00
1.101000000000e+05 0.000000000000e+00 nan nan 1.937222644914e+00 6.303378422539e+00
1.104000000000e+05 0.000000000000e+00 nan nan 1.920676848936e+00 6.256512584514e+00
1.107000000000e+05 0.000000000000e+00 nan nan 1.904271928252e+00 6.209975234923e+00
1.110000000000e+05 0.000000000000e+00 nan nan 1.888006688563e+00 6.163764328695e+00
1.113000000000e+05 0.000000000000e+00 nan nan 1.871879945661e+00 6.117877829902e+00
1.116000000000e+05 0.000000000000e+00 nan nan 1.855890525346e+00 6.072313711779e+00
1.119000000000e+05 0.000000000000e+00 nan nan 1.840037263335e+00 6.027069956732e+00
1.122000000000e+05 0.000000000000e+00 nan nan 1.824319005184e+00 5.982144556359e+00
1.125000000000e+05 0.000000000000e+00 nan nan 1.808734606198e+00 5.937535511454e+00
1.128000000000e+05 0.000000000000e+00 nan nan 1.793282931349e+00 5.893240832025e+00
1.131000000000e+05 0.000000000000e+00 nan nan 1.777962855196e+00 5.849258537298e+00
1.134000000000e+05 0.000000000000e+00 nan nan 1.762773261800e+00 5.805586655731e+00
1.137000000000e+05 0.000000000000e+00 nan nan 1.747713044647e+00 5.762223225017e+00
1.140000000000e+05 0.000000000000e+00 nan nan 1.732781106562e+00 5.719166292095e+00
1.143000000000e+05 0.000000000000e+00 nan nan 1.717976359637e+00 5.676413913153e+00
1.146000000000e+05 0.000000000000e+00 nan nan 1.703297725144e+00 5.633964153634e+00
1.149000000000e+05 0.000000000000e+00 nan nan 1.688744133465e+00 5.591815088240e+00
1.152000000000e+05 0.000000000000e+00 nan nan 1.674314524010e+00 5.549964800934e+00
1.155000000000e+05 0.000000000000e+00 nan nan 1.660007845139e+00 5.508411384942e+00
1.158000000000e+05 0.000000000000e+00 nan nan 1.645823054093e+00 5.467152942755e+00
1.161000000000e+05 0.000000000000e+00 nan nan 1.631759116912e+00 5.426187586128e+00
1.164000000000e+05 0.000000000000e+00 nan nan 1.617815008363e+00 5.385513436081e+00
1.167000000000e+05 0.000000000000e+00 nan nan 1.603989711867e+00 5.345128622893e+00
1.170000000000e+05 0.000000000000e+00 nan nan 1.590282219425e+00 5.305031286106e+00
1.173000000000e+05 0.000000000000e+00 nan nan 1.576691531545e+00 5.265219574515e+00
1.176000000000e+05 0.000000000000e+00 nan nan 1.563216657173e+00 5.225691646168e+00
1.179000000000e+05 0.000000000000e+00 nan nan 1.549856613617e+00 5.186445668361e+00
1.182000000000e+05 0.000000000000e+00 nan nan 1.536610426480e+00 5.147479817627e+00
1.185000000000e+05 0.000000000000e+00 nan nan 1.523477129590e+00 5.108792279738e+00
1.188000000000e+05 0.000000000000e+00 nan nan 1.510455764928e+00 5.070381249689e+00
1.191000000000e+05 0.000000000000e+00 nan nan 1.497545382563e+00 5.032244931694e+00
1.194000000000e+05 0.000000000000e+00 nan nan 1.484745040582e+00 4.994381539179e+00
1.197000000000e+05 0.000000000000e+00 nan nan 1.472053805020e+00 4.956789294766e+00
1.200000000000e+05 0.000000000000e+00 nan nan 1.459470749798e+00 4.919466430271e+00
1.203000000000e+05 0.000000000000e+00 nan nan 1.446994956652e+00 4.882411186684e+00
1.206000000000e+05 0.000000000000e+00 nan nan 1.434625515073e+00 4.845621814165e+00
1.209000000000e+05 0.000000000000e+00 nan nan 1.422361522234e+00 4.809096572026e+00
1.212000000000e+05 0.000000000000e+00 nan nan 1.410202082931e+00 4.772833728721e+00
1.215000000000e+05 0.000000000000e+00 nan nan 1.398146309520e+00 4.736831561832e+00
1.218000000000e+05 0.000000000000e+00 nan nan 1.386193321847e+00 4.701088358052e+00
1.221000000000e+05 0.000000000000e+00 nan nan 1.374342247191e+00 4.665602413174e+00
1.224000000000e+05 0.000000000000e+00 nan nan 1.362592220200e+00 4.630372032072e+00
1.227000000000e+05 0.000000000000e+00 nan nan 1.350942382827e+00 4.595395528687e+00
1.230000000000e+05 0.000000000000e+00 nan nan 1.339391884271e+00 4.560671226009e+00
1.233000000000e+05 0.000000000000e+00 nan nan 1.327939880915e+00 4.526197456059e+00
1.236000000000e+05 0.000000000000e+00 nan nan 1.316585536268e+00 4.491972559875e+00
1.239000000000e+05 0.000000000000e+00 nan nan 1.305328020899e+00 4.457994887486e+00
1.242000000000e+05 0.000000000000e+00 nan nan 1.294166512386e+00 4.424262797903e+00
1.245000000000e+05 0.000000000000e+00 nan nan 1.283100195250e+00 4.390774659091e+00
1.248000000000e+05 0.000000000000e+00 nan nan 1.272128260903e+00 4.357528847954e+00
1.251000000000e+05 0.000000000000e+00 nan nan 1.261249907582e+00 4.324523750311e+00
1.254000000000e+05 0.000000000000e+00 nan nan 1.250464340302e+00 4.291757760878e+00
1.257000000000e+05 0.000000000000e+00 nan nan 1.239770770789e+00 4.259229283246e+00
1.260000000000e+05 0.000000000000e+00 nan nan 1.229168417432e+00 4.226936729859e+00
1.263000000000e+05 0.000000000000e+00 nan nan 1.218656505222e+00 4.194878521988e+00
1.266000000000e+05 0.000000000000e+00 nan nan 1.208234265696e+00 4.163053089717e+00
1.269000000000e+05 0.000000000000e+00 nan nan 1.197900936887e+00 4.131458871910e+00
1.272000000000e+05 0.000000000000e+00 nan nan 1.187655763265e+00 4.100094316194e+00
1.275000000000e+05 0.000000000000e+00 nan nan 1.177497995686e+00 4.068957878933e+00
1.278000000000e+05 0.000000000000e+00 nan nan 1.167426891334e+00 4.038048025202e+00
1.281000000000e+05 0.000000000000e+00 nan nan 1.157441713674e+00 4.007363228766e+00
1.284000000000e+05 0.000000000000e+00 nan nan 1.147541732394e+00 3.976901972051e+00
1.287000000000e+05 0.000000000000e+00 nan nan 1.137726223356e+00 3.946662746122e+00
1.290000000000e+05 0.000000000000e+00 nan nan 1.127994468542e+00 3.916644050654e+00
1.293000000000e+05 0.000000000000e+00 nan nan 1.118345756004e+00 3.886844393908e+00
1.296000000000e+05 0.000000000000e+00 nan nan 1.108779379813e+00 3.857262292704e+00
1.299000000000e+05 0.000000000000e+00 nan nan 1.099294640009e+00 3.827896272393e+00
1.302000000000e+05 0.000000000000e+00 nan nan 1.089890842549e+00 3.798744866834e+00
1.305000000000e+05 0.000000000000e+00 nan nan 1.080567299258e+00 3.769806618360e+00
1.308000000000e+05 0.000000000000e+00 nan nan 1.071323327781e+00 3.741080077755e+00
1.311000000000e+05 0.000000000000e+00 nan nan 1.062158251534e+00 3.712563804228e+00
1.314000000000e+05 0.000000000000e+00 nan nan 1.053071399653e+00 3.684256365376e+00
1.317000000000e+05 0.000000000000e+00 nan nan 1.044062106948e+00 3.656156337167e+00
1.320000000000e+05 0.000000000000e+00 nan nan 1.035129713858e+00 3.628262303901e+00
1.323000000000e+05 0.000000000000e+00 nan nan 1.026273566398e+00 3.600572858188e+00
1.326000000000e+05 0.000000000000e+00 nan nan 1.017493016116e+00 3.573086600915e+00
1.329000000000e+05 0.000000000000e+00 nan nan 1.008787420046e+00 3.545802141218e+00
1.332000000000e+05 0.000000000000e+00 nan nan 1.000156140661e+00 3.518718096452e+00
1.335000000000e+05 0.000000000000e+00 nan nan 9.915985458292e-01 3.491833092161e+00
1.338000000000e+05 0.000000000000e+00 nan nan 9.831140087653e-01 3.465145762047e+00
1.341000000000e+05 0.000000000000e+00 nan nan 9.747019079892e-01 3.438654747941e+00
1.344000000000e+05 0.000000000000e+00 nan nan 9.663616272796e-01 3.412358699773e+00
1.347000000000e+05 0.000000000000e+00 nan nan 9.580925556301e-01 3.386256275539e+00
1.350000000000e+05 0.000000000000e+00 nan nan 9.498940872056e-01 3.360346141272e+00
1.353000000000e+05 0.000000000000e+00 nan nan 9.417656212983e-01 3.334626971009e+00
1.356000000000e+05 0.000000000000e+00 nan nan 9.337065622854e-01 3.309097446763e+00
1.359000000000e+05 0.000000000000e+00 nan nan 9.257163195859e-01 3.283756258488e+00
1.362000000000e+05 0.000000000000e+00 nan nan 9.177943076182e-01 3.258602104050e+00
1.365000000000e+05 0.000000000000e+00 nan nan 9.099399457583e-01 3.233633689193e+00
1.368000000000e+05 0.000000000000e+00 nan nan 9.021526582980e-01 3.208849727511e+00
1.371000000000e+05 0.000000000000e+00 nan nan 8.944318744036e-01 3.184248940410e+00
1.374000000000e+05 0.000000000000e+00 nan nan 8.867770280751e-01 3.159830057082e+00
1.377000000000e+05 0.000000000000e+00 nan nan 8.791875581052e-01 3.135591814470e+00
1.380000000000e+05 0.000000000000e+00 nan nan 8.716629080394e-01 3.111532957234e+00
1.383000000000e+05 0.000000000000e+00 nan nan 8.642025261357e-01 3.087652237723e+00
1.386000000000e+05 0.000000000000e+00 nan nan 8.568058653252e-01 3.063948415936e+00
1.389000000000e+05 0.000000000000e+00 nan nan 8.494723831728e-01 3.040420259498e+00
1.392000000000e+05 0.000000000000e+00 nan nan 8.422015418380e-01 3.017066543618e+00
1.395000000000e+05 0.000000000000e+00 nan nan 8.349928080367e-01 2.993886051063e+00
1.398000000000e+05 0.000000000000e+00 nan nan 8.278456530023e-01 2.970877572121e+00
1.401000000000e+05 0.000000000000e+00 nan nan 8.207595524482e-01 2.948039904571e+00
1.404000000000e+05 0.000000000000e+00 nan nan 8.137339865299e-01 2.925371853649e+00
1.407000000000e+05 0.000000000000e+00 nan nan 8.067684398074e-01 2.902872232011e+00
1.410000000000e+05 0.000000000000e+00 nan nan 7.998624012086e-01 2.880539859706e+00
1.413000000000e+05 0.000000000000e+00 nan nan 7.930153639924e-01 2.858373564140e+00
1.416000000000e+05 0.000000000000e+00 nan nan 7.862268257120e-01 2.836372180040e+00
1.419000000000e+05 0.000000000000e+00 nan nan 7.794962881789e-01 2.814534549427e+00
1.422000000000e+05 0.000000000000e+00 nan nan 7.728232574273e-01 2.792859521575e+00
1.425000000000e+05 0.000000000000e+00 nan nan 7.662072436781e-01 2.771345952982e+00
1.428000000000e+05 0.000000000000e+00 nan nan 7.596477613042e-01 2.749992707339e+00
1.431000000000e+05 0.000000000000e+00 nan nan 7.531443287949e-01 2.728798655488e+00
1.434000000000e+05 0.000000000000e+00 nan nan 7.466964687220e-01 2.707762675399e+00
1.437000000000e+05 0.000000000000e+00 nan nan 7.403037077046e-01 2.686883652126e+00
1.440000000000e+05 0.000000000000e+00 nan nan 7.339655763756e-01 2.666160477782e+00
1.443000000000e+05 0.000000000000e+00 nan nan 7.276816093480e-01 2.645592051501e+00
1.446000000000e+05 0.000000000000e+00 nan nan 7.214513451806e-01 2.625177279405e+00
1.449000000000e+05 0.000000000000e+00 nan nan 7.152743263457e-01 2.604915074570e+00
1.452000000000e+05 0.000000000000e+00 nan nan 7.091500991955e-01 2.584804356993e+00
1.455000000000e+05 0.000000000000e+00 nan nan 7.030782139297e-01 2.564844053560e+00
1.458000000000e+05 0.000000000000e+00 nan nan 6.970582245629e-01 2.545033098009e+00
1.461000000000e+05 0.000000000000e+00 nan nan 6.910896888926e-01 2.525370430898e+00
1.464000000000e+05 0.000000000000e+00 nan nan 6.851721684674e-01 2.505854999572e+00
1.467000000000e+05 0.000000000000e+00 nan nan 6.793052285552e-01 2.486485758127e+00
1.470000000000e+05 0.000000000000e+00 nan nan 6.734884381119e-01 2.467261667382e+00
1.473000000000e+05 0.000000000000e+00 nan nan 6.677213697502e-01 2.448181694837e+00
1.476000000000e+05 0.000000000000e+00 nan nan 6.620035997093e-01 2.429244814648e+00
1.479000000000e+05 0.000000000000e+00 nan nan 6.563347078235e-01 2.410450007585e+00
1.482000000000e+05 0.000000000000e+00 nan nan 6.507142774928e-01 2.391796261006e+00
1.485000000000e+05 0.000000000000e+00 nan nan 6.451418956519e-01 2.373282568821e+00
1.488000000000e+05 0.000000000000e+00 nan nan 6.396171527412e-01 2.354907931456e+00
1.491000000000e+05 0.000000000000e+00 nan nan 6.341396426768e-01 2.336671355821e+00
1.494000000000e+05 0.000000000000e+00 nan nan 6.287089628213e-01 2.318571855279e+00
1.497000000000e+05 0.000000000000e+00 nan nan 6.233247139548e-01 2.300608449611e+00
1.500000000000e+05 0.000000000000e+00 nan nan 6.179865002457e-01 2.282780164980e+00
1.503000000000e+05 0.000000000000e+00 nan nan 6.126939292229e-01 2.265086033902e+00
1.506000000000e+05 0.000000000000e+00 nan nan 6.074466117466e-01 2.247525095212e+00
1.509000000000e+05 0.000000000000e+00 nan nan 6.022441619807e-01 2.230096394028e+00
1.512000000000e+05 0.000000000000e+00 nan nan 5.970861973647e-01 2.212798981721e+00
1.515000000000e+05 0.000000000000e+00 nan nan 5.919723385863e-01 2.195631915878e+00
1.518000000000e+05 0.000000000000e+00 nan nan 5.869022095538e-01 2.178594260277e+00
1.521000000000e+05 0.000000000000e+00 nan nan 5.818754373689e-01 2.161685084843e+00
1.524000000000e+05 0.000000000000e+00 nan nan 5.768916522998e-01 2.144903465625e+00
1.527000000000e+05 0.000000000000e+00 nan nan 5.719504877546e-01 2.128248484757e+00
1.530000000000e+05 0.000000000000e+00 nan nan 5.670515802545e-01 2.111719230429e+00
1.533000000000e+05 0.000000000000e+00 nan nan 5.621945694079e-01 2.095314796851e+00
1.536000000000e+05 0.000000000000e+00 nan nan 5.573790978839e-01 2.079034284223e+00
1.539000000000e+05 0.000000000000e+00 nan nan 5.526048113870e-01 2.062876798701e+00
1.542000000000e+05 0.000000000000e+00 nan nan 5.478713586308e-01 2.046841452366e+00
1.545000000000e+05 0.000000000000e+00 nan nan 5.431783913133e-01 2.030927363189e+00
1.548000000000e+05 0.000000000000e+00 nan nan 5.385255640911e-01 2.015133655003e+00
1.551000000000e+05 0.000000000000e+00 nan nan 5.339125345548e-01 1.999459457466e+00
1.554000000000e+05 0.000000000000e+00 nan nan 5.293389632040e-01 1.983903906032e+00
1.557000000000e+05 0.000000000000e+00 nan nan 5.248045134229e-01 1.968466141917e+00
1.560000000000e+05 0.000000000000e+00 nan nan 5.203088514557e-01 1.953145312068e+00
1.563000000000e+05 0.000000000000e+00 nan nan 5.158516463827e-01 1.937940569132e+00
1.566000000000e+05 0.000000000000e+00 nan nan 5.114325700961e-01 1.922851071423e+00
1.569000000000e+05 0.000000000000e+00 nan nan 5.070512972766e-01 1.907875982890e+00
1.572000000000e+05 0.000000000000e+00 nan nan 5.027075053694e-01 1.893014473085e+00
1.575000000000e+05 0.000000000000e+00 nan nan 4.984008745610e-01 1.878265717135e+00
1.578000000000e+05 0.000000000000e+00 nan nan 4.941310877562e-01 1.863628895703e+00
1.581000000000e+05 0.000000000000e+00 nan nan 4.898978305550e-01 1.849103194967e+00
1.584000000000e+05 0.000000000000e+00 nan nan 4.857007912297e-01 1.834687806580e+00
1.587000000000e+05 0.000000000000e+00 nan nan 4.815396607024e-01 1.820381927642e+00
1.590000000000e+05 0.000000000000e+00 nan nan 4.774141325229e-01 1.806184760668e+00
1.593000000000e+05 0.000000000000e+00 nan nan 4.733239028459e-01 1.792095513562e+00
1.596000000000e+05 0.000000000000e+00 nan nan 4.692686704095e-01 1.778113399577e+00
1.599000000000e+05 0.000000000000e+00 nan nan 4.652481365130e-01 1.764237637291e+00
1.602000000000e+05 0.000000000000e+00 nan nan 4.612620049955e-01 1.750467450577e+00
1.605000000000e+05 0.000000000000e+00 nan nan 4.573099822143e-01 1.736802068565e+00
1.608000000000e+05 0.000000000000e+00 nan nan 4.533917770234e-01 1.723240725622e+00
1.611000000000e+05 0.000000000000e+00 nan nan 4.495071007530e-01 1.709782661310e+00
1.614000000000e+05 0.000000000000e+00 nan nan 4.456556671879e-01 1.696427120367e+00
1.617000000000e+05 0.000000000000e+00 nan nan 4.418371925469e-01 1.683173352669e+00
1.620000000000e+05 0.000000000000e+00 nan nan 4.380513954626e-01 1.670020613202e+00
1.623000000000e+05 0.000000000000e+00 nan nan 4.342979969605e-01 1.656968162034e+00
1.626000000000e+05 0.000000000000e+00 nan nan 4.305767204389e-01 1.644015264284e+00
1.629000000000e+05 0.000000000000e+00 nan nan 4.268872916490e-01 1.631161190089e+00
1.632000000000e+05 0.000000000000e+00 nan nan 4.232294386747e-01 1.618405214580e+00
1.635000000000e+05 0.000000000000e+00 nan nan 4.196028919133e-01 1.605746617849e+00
1.638000000000e+05 0.000000000000e+00 nan nan 4.160073840553e-01 1.593184684921e+00
1.641000000000e+05 0.000000000000e+00 nan nan 4.124426500655e-01 1.580718705722e+00
1.644000000000e+05 0.000000000000e+00 nan nan 4.089084271636e-01 1.568347975054e+00
1.647000000000e+05 0.000000000000e+00 nan nan 4.054044548051e-01 1.556071792562e+00
1.650000000000e+05 0.000000000000e+00 nan nan 4.019304746624e-01 1.543889462708e+00
1.653000000000e+05 0.000000000000e+00 nan nan 3.984862306058e-01 1.531800294741e+00
1.656000000000e+05 0.000000000000e+00 nan nan 3.950714686853e-01 1.519803602666e+00
1.659000000000e+05 0.000000000000e+00 nan nan 3.916859371121e-01 1.507898705220e+00
1.662000000000e+05 0.000000000000e+00 nan nan 3.883293862397e-01 1.496084925840e+00
1.665000000000e+05 0.000000000000e+00 nan nan 3.850015685467e-01 1.484361592636e+00
1.668000000000e+05 0.000000000000e+00 nan nan 3.817022386180e-01 1.472728038361e+00
1.671000000000e+05 0.000000000000e+00 nan nan 3.784311531273e-01 1.461183600386e+00
1.674000000000e+05 0.000000000000e+00 nan nan 3.751880708196e-01 1.449727620669e+00
1.677000000000e+05 0.000000000000e+00 nan nan 3.719727524932e-01 1.438359445728e+00
1.680000000000e+05 0.000000000000e+00 nan nan 3.687849609827e-01 1.427078426613e+00
1.683000000000e+05 0.000000000000e+00 nan nan 3.656244611417e-01 1.415883918880e+00
1.686000000000e+05 0.000000000000e+00 nan nan 3.624910198253e-01 1.404775282562e+00
1.689000000000e+05 0.000000000000e+00 nan nan 3.593844058738e-01 1.393751882139e+00
1.692000000000e+05 0.000000000000e+00 nan nan 3.563043900954e-01 1.382813086517e+00
1.695000000000e+05 0.000000000000e+00 nan nan 3.532507452495e-01 1.371958268994e+00
1.698000000000e+05 0.000000000000e+00 nan nan 3.502232460305e-01 1.361186807238e+00
1.701000000000e+05 0.000000000000e+00 nan nan 3.472216690513e-01 1.350498083256e+00
1.704000000000e+05 0.000000000000e+00 nan nan 3.442457928269e-01 1.339891483370e+00
1.707000000000e+05 0.000000000000e+00 nan nan 3.412953977582e-01 1.329366398190e+00
1.710000000000e+05 0.000000000000e+00 nan nan 3.383702661164e-01 1.318922222586e+00
1.713000000000e+05 0.000000000000e+00 nan nan 3.354701820269e-01 1.308558355661e+00
1.716000000000e+05 0.000000000000e+00 nan nan 3.325949314535e-01 1.298274200728e+00
1.719000000000e+05 0.000000000000e+00 nan nan 3.297443021831e-01 1.288069165281e+00
1.722000000000e+05 0.000000000000e+00 nan nan 3.269180838097e-01 1.277942660968e+00
1.725000000000e+05 0.000000000000e+00 nan nan 3.241160677200e-01 1.267894103567e+00
1.728000000000e+05 0.000000000000e+00 nan nan 3.213380470772e-01 1.257922912960e+00
1.731000000000e+05 0.000000000000e+00 nan nan 3.185838168066e-01 1.248028513106e+00
1.734000000000e+05 0.000000000000e+00 nan nan 3.158531735805e-01 1.238210332017e+00
1.737000000000e+05 0.000000000000e+00 nan nan 3.131459158031e-01 1.228467801731e+00
1.740000000000e+05 0.000000000000e+00 nan nan 3.104618435964e-01 1.218800358285e+00
1.743000000000e+05 0.000000000000e+00 nan nan 3.078007587851e-01 1.209207441696e+00
1.746000000000e+05 0.000000000000e+00 nan nan 3.051624648822e-01 1.199688495927e+00
1.749000000000e+05 0.000000000000e+00 nan nan 3.025467670752e-01 1.190242968870e+00
1.752000000000e+05 0.000000000000e+00 nan nan 2.999534722112e-01 1.180870312317e+00
1.755000000000e+05 0.000000000000e+00 nan nan 2.973823887833e-01 1.171569981933e+00
1.758000000000e+05 0.000000000000e+00 nan nan 2.948333269166e-01 1.162341437237e+00
1.761000000000e+05 0.000000000000e+00 nan nan 2.923060983539e-01 1.153184141574e+00
1.764000000000e+05 0.000000000000e+00 nan nan 2.898005164427e-01 1.144097562090e+00
1.767000000000e+05 0.000000000000e+00 nan nan 2.873163961211e-01 1.135081169711e+00
1.770000000000e+05 0.000000000000e+00 nan nan 2.848535539043e-01 1.126134439113e+00
1.773000000000e+05 0.000000000000e+00 nan nan 2.824118078714e-01 1.117256848705e+00
1.776000000000e+05 0.000000000000e+00 nan nan 2.799909776521e-01 1.108447880599e+00
1.779000000000e+05 0.000000000000e+00 nan nan 2.775908844135e-01 1.099707020590e+00
1.782000000000e+05 0.000000000000e+00 nan nan 2.752113508471e-01 1.091033758130e+00
1.785000000000e+05 0.000000000000e+00 nan nan 2.728522011557e-01 1.082427586307e+00
1.788000000000e+05 0.000000000000e+00 nan nan 2.705132610408e-01 1.073888001817e+00
1.791000000000e+05 0.000000000000e+00 nan nan 2.681943576898e-01 1.065414504946e+00
1.794000000000e+05 0.000000000000e+00 nan nan 2.658953197632e-01 1.057006599543e+00
1.797000000000e+05 0.000000000000e+00 nan nan 2.636159773826e-01 1.048663792999e+00
1.800000000000e+05 0.000000000000e+00 nan nan 2.613561621177e-01 1.040385596223e+00
1.803000000000e+05 0.000000000000e+00 nan nan 2.591157069742e-01 1.032171523617e+00
1.806000000000e+05 0.000000000000e+00 nan nan 2.568944463819e-01 1.024021093059e+00
1.809000000000e+05 0.000000000000e+00 nan nan 2.546922161822e-01 1.015933825874e+00
1.812000000000e+05 0.000000000000e+00 nan nan 2.525088536166e-01 1.007909246816e+00
1.815000000000e+05 0.000000000000e+00 nan nan 2.503441973141e-01 9.999468840422e-01
1.818000000000e+05 0.000000000000e+00 nan nan 2.481980872801e-01 9.920462690948e-01
1.821000000000e+05 0.000000000000e+00 nan nan 2.460703648845e-01 9.842069368744e-01
1.824000000000e+05 0.000000000000e+00 nan nan 2.439608728498e-01 9.764284256209e-01
1.827000000000e+05 0.000000000000e+00 nan nan 2.418694552401e-01 9.687102768902e-01
1.830000000000e+05 0.000000000000e+00 nan nan 2.397959574494e-01 9.610520355332e-01
1.833000000000e+05 0.000000000000e+00 nan nan 2.377402261904e-01 9.534532496735e-01
1.836000000000e+05 0.000000000000e+00 nan nan 2.357021094833e-01 9.459134706862e-01
1.839000000000e+05 0.000000000000e+00 nan nan 2.336814566445e-01 9.384322531763e-01
1.842000000000e+05 0.000000000000e+00 nan nan 2.316781182760e-01 9.310091549571e-01
1.845000000000e+05 0.000000000000e+00 nan nan 2.296919462542e-01 9.236437370295e-01
1.848000000000e+05 0.000000000000e+00 nan nan 2.277227937190e-01 9.163355635606e-01
1.851000000000e+05 0.000000000000e+00 nan nan 2.257705150634e-01 9.090842018624e-01
1.854000000000e+05 0.000000000000e+00 nan nan 2.238349659223e-01 9.018892223716e-01
1.857000000000e+05 0.000000000000e+00 nan nan 2.219160031626e-01 8.947501986281e-01
1.860000000000e+05 0.000000000000e+00 nan nan 2.200134848722e-01 8.876667072550e-01
1.863000000000e+05 0.000000000000e+00 nan nan 2.181272703501e-01 8.806383279376e-01
1.866000000000e+05 0.000000000000e+00 nan nan 2.162572200956e-01 8.736646434032e-01
1.869000000000e+05 0.000000000000e+00 nan nan 2.144031957984e-01 8.667452394006e-01
1.872000000000e+05 0.000000000000e+00 nan nan 2.125650603286e-01 8.598797046802e-01
1.875000000000e+05 0.000000000000e+00 nan nan 2.107426777263e-01 8.530676309737e-01
1.878000000000e+05 0.000000000000e+00 nan nan 2.089359131919e-01 8.463086129740e-01
1.881000000000e+05 0.000000000000e+00 nan nan 2.071446330763e-01 8.396022483158e-01
1.884000000000e+05 0.000000000000e+00 nan nan 2.053687048710e-01 8.329481375553e-01
1.887000000000e+05 0.000000000000e+00 nan nan 2.036079971982e-01 8.263458841511e-01
1.890000000000e+05 0.000000000000e+00 nan nan 2.018623798018e-01 8.197950944443e-01
1.893000000000e+05 0.000000000000e+00 nan nan 2.001317235370e-01 8.132953776391e-01
1.896000000000e+05 0.000000000000e+00 nan nan 1.984159003617e-01 8.068463457837e-01
1.899000000000e+05 0.000000000000e+00 nan nan 1.967147833266e-01 8.004476137512e-01
1.902000000000e+05 0.000000000000e+00 nan nan 1.950282465661e-01 7.940987992201e-01
1.905000000000e+05 0.000000000000e+00 nan nan 1.933561652890e-01 7.877995226555e-01
1.908000000000e+05 0.000000000000e+00 nan nan 1.916984157694e-01 7.815494072907e-01
1.911000000000e+05 0.000000000000e+00 nan nan 1.900548753377e-01 7.753480791077e-01
1.914000000000e+05 0.000000000000e+00 nan nan 1.884254223716e-01 7.691951668190e-01
1.917000000000e+05 0.000000000000e+00 nan nan 1.868099362869e-01 7.630903018492e-01
1.920000000000e+05 0.000000000000e+00 nan nan 1.852082975293e-01 7.570331183162e-01
1.923000000000e+05 0.000000000000e+00 nan nan 1.836203875650e-01 7.510232530129e-01
1.926000000000e+05 0.000000000000e+00 nan nan 1.820460888723e-01 7.450603453894e-01
1.929000000000e+05 0.000000000000e+00 nan nan 1.804852849333e-01 7.391440375346e-01
1.932000000000e+05 0.000000000000e+00 nan nan 1.789378602246e-01 7.332739741581e-01
1.935000000000e+05 0.000000000000e+00 nan nan 1.774037002095e-01 7.274498025725e-01
1.938000000000e+05 0.000000000000e+00 nan nan 1.758826913294e-01 7.216711726756e-01
1.941000000000e+05 0.000000000000e+00 nan nan 1.743747209955e-01 7.159377369328e-01
1.944000000000e+05 0.000000000000e+00 nan nan 1.728796775803e-01 7.102491503591e-01
1.947000000000e+05 0.000000000000e+00 nan nan 1.713974504099e-01 7.046050705023e-01
1.950000000000e+05 0.000000000000e+00 nan nan 1.699279297554e-01 6.990051574249e-01
1.953000000000e+05 0.000000000000e+00 nan nan 1.684710068254e-01 6.934490736875e-01
1.956000000000e+05 0.000000000000e+00 nan nan 1.670265737572e-01 6.879364843313e-01
1.959000000000e+05 0.000000000000e+00 nan nan 1.655945236099e-01 6.824670568609e-01
1.962000000000e+05 0.000000000000e+00 nan nan 1.641747503557e-01 6.770404612279e-01
1.965000000000e+05 0.000000000000e+00 nan nan 1.627671488728e-01 6.716563698132e-01
1.968000000000e+05 0.000000000000e+00 nan nan 1.613716149371e-01 6.663144574112e-01
1.971000000000e+05 0.000000000000e+00 nan nan 1.599880452149e-01 6.610144012125e-01
1.974000000000e+05 0.000000000000e+00 nan nan 1.586163372553e-01 6.557558807875e-01
1.977000000000e+05 0.000000000000e+00 nan nan 1.572563894828e-01 6.505385780699e-01
1.980000000000e+05 0.000000000000e+00 nan nan 1.559081011893e-01 6.453621773407e-01
1.983000000000e+05 0.000000000000e+00 nan nan 1.545713725274e-01 6.402263652115e-01
1.986000000000e+05 0.000000000000e+00 nan nan 1.532461045027e-01 6.351308306087e-01
1.989000000000e+05 0.000000000000e+00 nan nan 1.519321989667e-01 6.300752647570e-01
1.992000000000e+05 0.000000000000e+00 nan nan 1.506295586093e-01 6.250593611641e-01
1.995000000000e+05 0.000000000000e+00 nan nan 1.493380869521e-01 6.200828156042e-01
1.998000000000e+05 0.000000000000e+00 nan nan 1.480576883409e-01 6.151453261027e-01
2.001000000000e+05 0.000000000000e+00 nan nan 1.467882679391e-01 6.102465929202e-01
2.004000000000e+05 0.000000000000e+00 nan nan 1.455297317203e-01 6.053863185373e-01
2.007000000000e+05 0.000000000000e+00 nan nan 1.442819864617e-01 6.005642076388e-01
2.010000000000e+05 0.000000000000e+00 nan nan 1.430449397372e-01 5.957799670985e-01
2.013000000000e+05 0.000000000000e+00 nan nan 1.418184999106e-01 5.910333059639e-01
2.016000000000e+05 0.000000000000e+00 nan nan 1.406025761287e-01 5.863239354408e-01
2.019000000000e+05 0.000000000000e+00 nan nan 1.393970783150e-01 5.816515688788e-01
2.022000000000e+05 0.000000000000e+00 nan nan 1.382019171628e-01 5.770159217556e-01
2.025000000000e+05 0.000000000000e+00 nan nan 1.370170041286e-01 5.724167116625e-01
2.028000000000e+05 0.000000000000e+00 nan nan 1.358422514260e-01 5.678536582896e-01
2.031000000000e+05 0.000000000000e+00 nan nan 1.346775720185e-01 5.633264834108e-01
2.034000000000e+05 0.000000000000e+00 nan nan 1.335228796141e-01 5.588349108696e-01
2.037000000000e+05 0.000000000000e+00 nan nan 1.323780886581e-01 5.543786665641e-01
2.040000000000e+05 0.000000000000e+00 nan nan 1.312431143272e-01 5.499574784330e-01
2.043000000000e+05 0.000000000000e+00 nan nan 1.301178725234e-01 5.455710764411e-01
2.046000000000e+05 0.000000000000e+00 nan nan 1.290022798675e-01 5.412191925647e-01
2.049000000000e+05 0.000000000000e+00 nan nan 1.278962536930e-01 5.369015607779e-01
2.052000000000e+05 0.000000000000e+00 nan nan 1.267997120405e-01 5.326179170384e-01
2.055000000000e+05 0.000000000000e+00 nan nan 1.257125736509e-01 5.283679992734e-01
2.058000000000e+05 0.000000000000e+00 nan nan 1.246347579602e-01 5.241515473658e-01
2.061000000000e+05 0.000000000000e+00 nan nan 1.235661850931e-01 5.199683031403e-01
2.064000000000e+05 0.000000000000e+00 nan nan 1.225067758572e-01 5.158180103496e-01
2.067000000000e+05 0.000000000000e+00 nan nan 1.214564517372e-01 5.117004146612e-01
2.070000000000e+05 0.000000000000e+00 nan nan 1.204151348894e-01 5.076152636431e-01
2.073000000000e+05 0.000000000000e+00 nan nan 1.193827481356e-01 5.035623067512e-01
2.076000000000e+05 0.000000000000e+00 nan nan 1.183592149576e-01 4.995412953153e-01
2.079000000000e+05 0.000000000000e+00 nan nan 1.173444594915e-01 4.955519825259e-01
2.082000000000e+05 0.000000000000e+00 nan nan 1.163384065221e-01 4.915941234212e-01
2.085000000000e+05 0.000000000000e+00 nan nan 1.153409814777e-01 4.876674748740e-01
2.088000000000e+05 0.000000000000e+00 nan nan 1.143521104242e-01 4.837717955783e-01
2.091000000000e+05 0.000000000000e+00 nan nan 1.133717200597e-01 4.799068460367e-01
2.094000000000e+05 0.000000000000e+00 nan nan 1.123997377095e-01 4.760723885475e-01
2.097000000000e+05 0.000000000000e+00 nan nan 1.114360913202e-01 4.722681871917e-01
2.100000000000e+05 0.000000000000e+00 nan nan 1.104807094548e-01 4.684940078204e-01
2.103000000000e+05 0.000000000000e+00 nan nan 1.095335212875e-01 4.647496180424e-01
2.106000000000e+05 0.000000000000e+00 nan nan 1.085944565981e-01 4.610347872112e-01
2.109000000000e+05 0.000000000000e+00 nan nan 1.076634457671e-01 4.573492864130e-01
2.112000000000e+05 0.000000000000e+00 nan nan 1.067404197705e-01 4.536928884542e-01
2.115000000000e+05 0.000000000000e+00 nan nan 1.058253101749e-01 4.500653678487e-01
2.118000000000e+05 0.000000000000e+00 nan nan 1.049180491321e-01 4.464665008063e-01
2.121000000000e+05 0.000000000000e+00 nan nan 1.040185693746e-01 4.428960652203e-01
2.124000000000e+05 0.000000000000e+00 nan nan 1.031268042101e-01 4.393538406553e-01
2.127000000000e+05 0.000000000000e+00 nan nan 1.022426875170e-01 4.358396083354e-01
2.130000000000e+05 0.000000000000e+00 nan nan 1.013661537395e-01 4.323531511321e-01
2.133000000000e+05 0.000000000000e+00 nan nan 1.004971378824e-01 4.288942535530e-01
2.136000000000e+05 0.000000000000e+00 nan nan 9.963557550685e-02 4.254627017293e-01
2.139000000000e+05 0.000000000000e+00 nan nan 9.878140272522e-02 4.220582834047e-01
2.142000000000e+05 0.000000000000e+00 nan nan 9.793455619654e-02 4.186807879236e-01
2.145000000000e+05 0.000000000000e+00 nan nan 9.709497312184e-02 4.153300062197e-01
2.148000000000e+05 0.000000000000e+00 nan nan 9.626259123950e-02 4.120057308042e-01
2.151000000000e+05 0.000000000000e+00 nan nan 9.543734882066e-02 4.087077557550e-01
2.154000000000e+05 0.000000000000e+00 nan nan 9.461918466470e-02 4.054358767051e-01
2.157000000000e+05 0.000000000000e+00 nan nan 9.380803809471e-02 4.021898908312e-01
2.160000000000e+05 0.000000000000e+00 nan nan 9.300384895303e-02 3.989695968431e-01
2.163000000000e+05 0.000000000000e+00 nan nan 9.220655759683e-02 3.957747949720e-01
2.166000000000e+05 0.000000000000e+00 nan nan 9.141610489370e-02 3.926052869601e-01
2.169000000000e+05 0.000000000000e+00 nan nan 9.063243221729e-02 3.894608760491e-01
2.172000000000e+05 0.000000000000e+00 nan nan 8.985548144304e-02 3.863413669700e-01
2.175000000000e+05 0.000000000000e+00 nan nan 8.908519494381e-02 3.832465659319e-01
2.178000000000e+05 0.000000000000e+00 nan nan 8.832151558572e-02 3.801762806111e-01
2.181000000000e+05 0.000000000000e+00 nan nan 8.756438672390e-02 3.771303201412e-01
2.184000000000e+05 0.000000000000e+00 nan nan 8.681375219831e-02 3.741084951017e-01
2.187000000000e+05 0.000000000000e+00 nan nan 8.606955632963e-02 3.711106175083e-01
2.190000000000e+05 0.000000000000e+00 nan nan 8.533174391513e-02 3.681365008019e-01
2.193000000000e+05 0.000000000000e+00 nan nan 8.460026022462e-02 3.651859598384e-01
2.196000000000e+05 0.000000000000e+00 nan nan 8.387505099639e-02 3.622588108787e-01
2.199000000000e+05 0.000000000000e+00 nan nan 8.315606243326e-02 3.593548715780e-01
2.202000000000e+05 0.000000000000e+00 nan nan 8.244324119856e-02 3.564739609761e-01
2.205000000000e+05 0.000000000000e+00 nan nan 8.173653441223e-02 3.536158994871e-01
2.208000000000e+05 0.000000000000e+00 nan nan 8.103588964692e-02 3.507805088895e-01
2.211000000000e+05 0.000000000000e+00 nan nan 8.034125492412e-02 3.479676123163e-01
2.214000000000e+05 0.000000000000e+00 nan nan 7.965257871031e-02 3.451770342449e-01
2.217000000000e+05 0.000000000000e+00 nan nan 7.896980991319e-02 3.424086004875e-01
2.220000000000e+05 0.000000000000e+00 nan nan 7.829289787792e-02 3.396621381813e-01
2.223000000000e+05 0.000000000000e+00 nan nan 7.762179238333e-02 3.369374757789e-01
2.226000000000e+05 0.000000000000e+00 nan nan 7.695644363828e-02 3.342344430388e-01
2.229000000000e+05 0.000000000000e+00 nan nan 7.629680227794e-02 3.315528710153e-01
2.232000000000e+05 0.000000000000e+00 nan nan 7.564281936019e-02 3.288925920497e-01
2.235000000000e+05 0.000000000000e+00 nan nan 7.499444636197e-02 3.262534397607e-01
2.238000000000e+05 0.000000000000e+00 nan nan 7.435163517573e-02 3.236352490348e-01
2.241000000000e+05 0.000000000000e+00 nan nan 7.371433810588e-02 3.210378560173e-01
2.244000000000e+05 0.000000000000e+00 nan nan 7.308250786524e-02 3.184610981029e-01
2.247000000000e+05 0.000000000000e+00 nan nan 7.245609757161e-02 3.159048139266e-01
2.250000000000e+05 0.000000000000e+00 nan nan 7.183506074424e-02 3.133688433549e-01
2.253000000000e+05 0.000000000000e+00 nan nan 7.121935130047e-02 3.108530274761e-01
2.256000000000e+05 0.000000000000e+00 nan nan 7.060892355227e-02 3.083572085920e-01
2.259000000000e+05 0.000000000000e+00 nan nan 7.000373220291e-02 3.058812302087e-01
2.262000000000e+05 0.000000000000e+00 nan nan 6.940373234361e-02 3.034249370276e-01
2.265000000000e+05 0.000000000000e+00 nan nan 6.880887945019e-02 3.009881749371e-01
2.268000000000e+05 0.000000000000e+00 nan nan 6.821912937986e-02 2.985707910033e-01
2.271000000000e+05 0.000000000000e+00 nan nan 6.763443836787e-02 2.961726334617e-01
2.274000000000e+05 0.000000000000e+00 nan nan 6.705476302435e-02 2.937935517085e-01
2.277000000000e+05 0.000000000000e+00 nan nan 6.648006033107e-02 2.914333962921e-01
2.280000000000e+05 0.000000000000e+00 nan nan 6.591028763830e-02 2.890920189044e-01
2.283000000000e+05 0.000000000000e+00 nan nan 6.534540266160e-02 2.867692723728e-01
2.286000000000e+05 0.000000000000e+00 nan nan 6.478536347878e-02 2.844650106513e-01
2.289000000000e+05 0.000000000000e+00 nan nan 6.423012852673e-02 2.821790888127e-01
2.292000000000e+05 0.000000000000e+00 nan nan 6.367965659840e-02 2.799113630398e-01
2.295000000000e+05 0.000000000000e+00 nan nan 6.313390683973e-02 2.776616906179e-01
2.298000000000e+05 0.000000000000e+00 nan nan 6.259283874665e-02 2.754299299259e-01
2.301000000000e+05 0.000000000000e+00 nan nan 6.205641216209e-02 2.732159404287e-01
2.304000000000e+05 0.000000000000e+00 nan nan 6.152458727299e-02 2.710195826692e-01
2.307000000000e+05 0.000000000000e+00 nan nan 6.099732460739e-02 2.688407182599e-01
2.310000000000e+05 0.000000000000e+00 nan nan 6.047458503151e-02 2.666792098755e-01
2.313000000000e+05 0.000000000000e+00 nan nan 5.995632974683e-02 2.645349212446e-01
2.316000000000e+05 0.000000000000e+00 nan nan 5.944252028726e-02 2.624077171424e-01
2.319000000000e+05 0.000000000000e+00 nan nan 5.893311851629e-02 2.602974633822e-01
2.322000000000e+05 0.000000000000e+00 nan nan 5.842808662415e-02 2.582040268084e-01
2.325000000000e+05 0.000000000000e+00 nan nan 5.792738712505e-02 2.561272752887e-01
2.328000000000e+05 0.000000000000e+00 nan nan 5.743098285438e-02 2.540670777062e-01
2.331000000000e+05 0.000000000000e+00 nan nan 5.693883696600e-02 2.520233039522e-01
2.334000000000e+05 0.000000000000e+00 nan nan 5.645091292947e-02 2.499958249183e-01
2.337000000000e+05 0.000000000000e+00 nan nan 5.596717452741e-02 2.479845124897e-01
2.340000000000e+05 0.000000000000e+00 nan nan 5.548758585276e-02 2.459892395369e-01
2.343000000000e+05 0.000000000000e+00 nan nan 5.501211130618e-02 2.440098799092e-01
2.346000000000e+05 0.000000000000e+00 nan nan 5.454071559338e-02 2.420463084269e-01
2.349000000000e+05 0.000000000000e+00 nan nan 5.407336372255e-02 2.400984008742e-01
2.352000000000e+05 0.000000000000e+00 nan nan 5.361002100173e-02 2.381660339920e-01
2.355000000000e+05 0.000000000000e+00 nan nan 5.315065303628e-02 2.362490854711e-01
2.358000000000e+05 0.000000000000e+00 nan nan 5.269522572632e-02 2.343474339446e-01
2.361000000000e+05 0.000000000000e+00 nan nan 5.224370526423e-02 2.324609589812e-01
2.364000000000e+05 0.000000000000e+00 nan nan 5.179605813212e-02 2.305895410780e-01
2.367000000000e+05 0.000000000000e+00 nan nan 5.135225109937e-02 2.287330616541e-01
2.370000000000e+05 0.000000000000e+00 nan nan 5.091225122019e-02 2.268914030430e-01
2.373000000000e+05 0.000000000000e+00 nan nan 5.047602583114e-02 2.250644484862e-01
2.376000000000e+05 0.000000000000e+00 nan nan 5.004354254876e-02 2.232520821265e-01
2.379000000000e+05 0.000000000000e+00 nan nan 4.961476926715e-02 2.214541890008e-01
2.382000000000e+05 0.000000000000e+00 nan nan 4.918967415560e-02 2.196706550340e-01
2.385000000000e+05 0.000000000000e+00 nan nan 4.876822565624e-02 2.179013670319e-01
2.388000000000e+05 0.000000000000e+00 nan nan 4.835039248171e-02 2.161462126749e-01
2.391000000000e+05 0.000000000000e+00 nan nan 4.793614361284e-02 2.144050805112e-01
2.394000000000e+05 0.000000000000e+00 nan nan 4.752544829635e-02 2.126778599507e-01
2.397000000000e+05 0.000000000000e+00 nan nan 4.711827604260e-02 2.109644412579e-01
2.400000000000e+05 0.000000000000e+00 nan nan 4.671459662328e-02 2.092647155463e-01
2.403000000000e+05 0.000000000000e+00 nan nan 4.631438006926e-02 2.075785747713e-01
2.406000000000e+05 0.000000000000e+00 nan nan 4.591759666829e-02 2.059059117245e-01
2.409000000000e+05 0.000000000000e+00 nan nan 4.552421696285e-02 2.042466200268e-01
2.412000000000e+05 0.000000000000e+00 nan nan 4.513421174796e-02 2.026005941229e-01
2.415000000000e+05 0.000000000000e+00 nan nan 4.474755206901e-02 2.009677292744e-01
2.418000000000e+05 0.000000000000e+00 nan nan 4.436420921961e-02 1.993479215542e-01
2.421000000000e+05 0.000000000000e+00 nan nan 4.398415473952e-02 1.977410678400e-01
2.424000000000e+05 0.000000000000e+00 nan nan 4.360736041248e-02 1.961470658088e-01
2.427000000000e+05 0.000000000000e+00 nan nan 4.323379826414e-02 1.945658139303e-01
2.430000000000e+05 0.000000000000e+00 nan nan 4.286344056001e-02 1.929972114611e-01
2.433000000000e+05 0.000000000000e+00 nan nan 4.249625980339e-02 1.914411584390e-01
2.436000000000e+05 0.000000000000e+00 nan nan 4.213222873334e-02 1.898975556771e-01
2.439000000000e+05 0.000000000000e+00 nan nan 4.177132032267e-02 1.883663047577e-01
2.442000000000e+05 0.000000000000e+00 nan nan 4.141350777593e-02 1.868473080265e-01
2.445000000000e+05 0.000000000000e+00 nan nan 4.105876452740e-02 1.853404685874e-01
2.448000000000e+05 0.000000000000e+00 nan nan 4.070706423920e-02 1.838456902960e-01
2.451000000000e+05 0.000000000000e+00 nan nan 4.035838079925e-02 1.823628777546e-01
2.454000000000e+05 0.000000000000e+00 nan nan 4.001268831941e-02 1.808919363061e-01
2.457000000000e+05 0.000000000000e+00 nan nan 3.966996113352e-02 1.794327720288e-01
2.460000000000e+05 0.000000000000e+00 nan nan 3.933017379552e-02 1.779852917304e-01
2.463000000000e+05 0.000000000000e+00 nan nan 3.899330107754e-02 1.765494029429e-01
2.466000000000e+05 0.000000000000e+00 nan nan 3.865931796808e-02 1.751250139169e-01
2.469000000000e+05 0.000000000000e+00 nan nan 3.832819967012e-02 1.737120336165e-01
2.472000000000e+05 0.000000000000e+00 nan nan 3.799992159928e-02 1.723103717132e-01
2.475000000000e+05 0.000000000000e+00 nan nan 3.767445938202e-02 1.709199385813e-01
2.478000000000e+05 0.000000000000e+00 nan nan 3.735178885384e-02 1.695406452924e-01
2.481000000000e+05 0.000000000000e+00 nan nan 3.703188605747e-02 1.681724036096e-01
2.484000000000e+05 0.000000000000e+00 nan nan 3.671472724110e-02 1.668151259831e-01
2.487000000000e+05 0.000000000000e+00 nan nan 3.640028885665e-02 1.654687255444e-01
2.490000000000e+05 0.000000000000e+00 nan nan 3.608854755796e-02 1.641331161012e-01
2.493000000000e+05 0.000000000000e+00 nan nan 3.577948019914e-02 1.628082121326e-01
2.496000000000e+05 0.000000000000e+00 nan nan 3.547306383281e-02 1.614939287837e-01
2.499000000000e+05 0.000000000000e+00 nan nan 3.516927570840e-02 1.601901818607e-01
2.502000000000e+05 0.000000000000e+00 nan nan 3.486809327047e-02 1.588968878257e-01
2.505000000000e+05 0.000000000000e+00 nan nan 3.456949415706e-02 1.576139637921e-01
2.508000000000e+05 0.000000000000e+00 nan nan 3.427345619800e-02 1.563413275194e-01
2.511000000000e+05 0.000000000000e+00 nan nan 3.397995741329e-02 1.550788974080e-01
2.514000000000e+05 0.000000000000e+00 nan nan 3.368897601148e-02 1.538265924950e-01
2.517000000000e+05 0.000000000000e+00 nan nan 3.340049038801e-02 1.525843324489e-01
2.520000000000e+05 0.000000000000e+00 nan nan 3.311447912366e-02 1.513520375650e-01
2.523000000000e+05 0.000000000000e+00 nan nan 3.283092098294e-02 1.501296287604e-01
2.526000000000e+05 0.000000000000e+00 nan nan 3.254979491253e-02 1.489170275695e-01
2.529000000000e+05 0.000000000000e+00 nan nan 3.227108003968e-02 1.477141561394e-01
2.532000000000e+05 0.000000000000e+00 nan nan 3.199475567073e-02 1.465209372247e-01
2.535000000000e+05 0.000000000000e+00 nan nan 3.172080128952e-02 1.453372941836e-01
2.538000000000e+05 0.000000000000e+00 nan nan 3.144919655587e-02 1.441631509728e-01
2.541000000000e+05 0.000000000000e+00 nan nan 3.117992130414e-02 1.429984321431e-01
2.544000000000e+05 0.000000000000e+00 nan nan 3.091295554163e-02 1.418430628350e-01
2.547000000000e+05 0.000000000000e+00 nan nan 3.064827944721e-02 1.406969687739e-01
2.550000000000e+05 0.000000000000e+00 nan nan 3.038587336975e-02 1.395600762659e-01
2.553000000000e+05 0.000000000000e+00 nan nan 3.012571782675e-02 1.384323121933e-01
2.556000000000e+05 0.000000000000e+00 nan nan 2.986779350281e-02 1.373136040102e-01
2.559000000000e+05 0.000000000000e+00 nan nan 2.961208124829e-02 1.362038797382e-01
2.562000000000e+05 0.000000000000e+00 nan nan 2.935856207781e-02 1.351030679618e-01
2.565000000000e+05 0.000000000000e+00 nan nan 2.910721716889e-02 1.340110978245e-01
2.568000000000e+05 0.000000000000e+00 nan nan 2.885802786054e-02 1.329278990243e-01
2.571000000000e+05 0.000000000000e+00 nan nan 2.861097565188e-02 1.318534018095e-01
2.574000000000e+05 0.000000000000e+00 nan nan 2.836604220076e-02 1.307875369745e-01
2.577000000000e+05 0.000000000000e+00 nan nan 2.812320932242e-02 1.297302358556e-01
2.580000000000e+05 0.000000000000e+00 nan nan 2.788245898810e-02 1.286814303269e-01
2.583000000000e+05 0.000000000000e+00 nan nan 2.764377332376e-02 1.276410527963e-01
2.586000000000e+05 0.000000000000e+00 nan nan 2.740713460871e-02 1.266090362010e-01
2.589000000000e+05 0.000000000000e+00 nan nan 2.717252527431e-02 1.255853140041e-01
2.592000000000e+05 0.000000000000e+00 nan nan 2.693992790268e-02 1.245698201899e-01
